start,start_unix,bottom,top,end,end_unix,direction
2016-03-15,1458014400,40.144999999999996,41.35137934897542,2016-03-31,1459396800,
2016-04-01,1459483200,41.35137934897542,42.3927449818624,2016-04-01,1459483200,1.0
2016-04-04,1459742400,40.2879684041518,41.35137934897542,2016-04-04,1459742400,-1.0
2016-04-05,1459828800,41.35137934897542,42.46226094059735,2016-04-08,1460088000,1.0
2016-04-11,1460347200,40.29968637890269,41.35137934897542,2016-04-11,1460347200,-1.0
2016-04-12,1460433600,41.35137934897542,42.376808535471525,2016-04-12,1460433600,1.0
2016-04-13,1460520000,40.31690939008618,41.35137934897542,2016-04-14,1460606400,-1.0
2016-04-15,1460692800,41.35137934897542,42.399192731895226,2016-04-15,1460692800,1.0
2016-04-18,1460952000,40.25369549340703,41.35137934897542,2016-04-18,1460952000,-1.0
2016-04-19,1461038400,41.35137934897542,42.43622864343178,2016-04-19,1461038400,1.0
2016-04-20,1461124800,40.268162146980224,41.35137934897542,2016-05-02,1462161600,-1.0
2016-05-03,1462248000,41.35137934897542,42.44649693262412,2016-05-05,1462420800,1.0
2016-05-06,1462507200,42.44649693262412,43.606625697666466,2016-05-16,1463371200,1.0
2016-05-17,1463457600,41.32957825084452,42.44649693262412,2016-05-17,1463457600,-1.0
2016-05-18,1463544000,42.44649693262412,43.693207137133754,2016-05-18,1463544000,1.0
2016-05-19,1463630400,43.693207137133754,45.45258089846413,2016-05-19,1463630400,1.0
2016-05-20,1463716800,41.87821721589841,43.693207137133754,2016-05-31,1464667200,-1.0
2016-06-01,1464753600,43.693207137133754,45.14412317044828,2016-06-23,1466654400,1.0
2016-06-24,1466740800,42.55204556165619,43.693207137133754,2016-06-24,1466740800,-1.0
2016-06-27,1467000000,43.693207137133754,44.85314288579149,2016-06-29,1467172800,1.0
2016-06-30,1467259200,44.85314288579149,46.142324678721906,2016-07-06,1467777600,1.0
2016-07-07,1467864000,43.531959285523754,44.85314288579149,2016-07-07,1467864000,-1.0
2016-07-08,1467950400,44.85314288579149,46.14295622889725,2016-07-11,1468209600,1.0
2016-07-12,1468296000,43.524365054236014,44.85314288579149,2016-07-26,1469505600,-1.0
2016-07-27,1469592000,42.35468255244905,43.524365054236014,2016-07-27,1469592000,-1.0
2016-07-28,1469678400,43.524365054236014,44.6786416630382,2016-08-02,1470110400,1.0
2016-08-03,1470196800,42.39312514836348,43.524365054236014,2016-08-03,1470196800,-1.0
2016-08-04,1470283200,43.524365054236014,44.79980210968908,2016-08-09,1470715200,1.0
2016-08-10,1470801600,44.79980210968908,46.01684328369978,2016-08-10,1470801600,1.0
2016-08-11,1470888000,43.533406733822005,44.79980210968908,2016-09-07,1473220800,-1.0
2016-09-08,1473307200,42.50744428941155,43.533406733822005,2016-09-08,1473307200,-1.0
2016-09-09,1473393600,41.42747916245899,42.50744428941155,2016-09-20,1474344000,-1.0
2016-09-21,1474430400,42.50744428941155,43.515069091146,2016-09-28,1475035200,1.0
2016-09-29,1475121600,41.4803444878255,42.50744428941155,2016-09-29,1475121600,-1.0
2016-09-30,1475208000,42.50744428941155,43.52803696231289,2016-09-30,1475208000,1.0
2016-10-03,1475467200,41.44532252171745,42.50744428941155,2016-10-03,1475467200,-1.0
2016-10-04,1475553600,40.3304951660015,41.44532252171745,2016-10-06,1475726400,-1.0
2016-10-07,1475812800,41.44532252171745,42.53890696067807,2016-10-11,1476158400,1.0
2016-10-12,1476244800,42.53890696067807,43.656868699889614,2016-10-18,1476763200,1.0
2016-10-19,1476849600,41.50083774093876,42.53890696067807,2016-10-24,1477281600,-1.0
2016-10-25,1477368000,42.53890696067807,43.5675245415031,2016-10-26,1477454400,1.0
2016-10-27,1477540800,41.529292822109554,42.53890696067807,2016-10-27,1477540800,-1.0
2016-10-28,1477627200,42.53890696067807,43.543262946491694,2016-10-31,1477886400,1.0
2016-11-01,1477972800,41.51944695250204,42.53890696067807,2016-11-02,1478059200,-1.0
2016-11-03,1478145600,40.133392149533925,41.51944695250204,2016-11-03,1478145600,-1.0
2016-11-04,1478232000,38.72162697534925,40.133392149533925,2016-11-07,1478494800,-1.0
2016-11-08,1478581200,40.133392149533925,41.609842733397244,2016-11-09,1478667600,1.0
2016-11-10,1478754000,38.43641179916199,40.133392149533925,2016-11-23,1479877200,-1.0
2016-11-25,1480050000,40.133392149533925,41.529620055253055,2016-11-25,1480050000,1.0
2016-11-28,1480309200,38.78803766565188,40.133392149533925,2016-11-30,1480482000,-1.0
2016-12-01,1480568400,37.412612082164685,38.78803766565188,2016-12-01,1480568400,-1.0
2016-12-02,1480654800,38.78803766565188,40.15907570746141,2016-12-15,1481778000,1.0
2016-12-16,1481864400,40.15907570746141,41.413097714922614,2016-12-16,1481864400,1.0
2016-12-19,1482123600,38.92519812910458,40.15907570746141,2016-12-23,1482469200,-1.0
2016-12-27,1482814800,40.15907570746141,41.27006671139735,2016-12-27,1482814800,1.0
2016-12-28,1482901200,39.01429834666376,40.15907570746141,2017-01-09,1483938000,-1.0
2017-01-10,1484024400,37.83563596181954,39.01429834666376,2017-01-12,1484197200,-1.0
2017-01-13,1484283600,39.01429834666376,40.0954547823426,2017-01-18,1484715600,1.0
2017-01-19,1484802000,40.0954547823426,41.182520631171464,2017-01-23,1485147600,1.0
2017-01-24,1485234000,41.182520631171464,42.27322240590799,2017-01-26,1485406800,1.0
2017-01-27,1485493200,40.07910087931427,41.182520631171464,2017-02-06,1486357200,-1.0
2017-02-07,1486443600,41.182520631171464,42.37579628391465,2017-02-07,1486443600,1.0
2017-02-08,1486530000,42.37579628391465,43.57255224717619,2017-02-14,1487048400,1.0
2017-02-15,1487134800,43.57255224717619,44.67943141557936,2017-02-27,1488171600,1.0
2017-02-28,1488258000,44.67943141557936,45.7294689437079,2017-03-03,1488517200,1.0
2017-03-06,1488776400,43.679819070700155,44.67943141557936,2017-03-09,1489035600,-1.0
2017-03-10,1489122000,44.67943141557936,45.6018138651341,2017-03-13,1489377600,1.0
2017-03-14,1489464000,43.80687716060614,44.67943141557936,2017-03-14,1489464000,-1.0
2017-03-15,1489550400,44.67943141557936,45.556517509483065,2017-04-03,1491192000,1.0
2017-04-04,1491278400,43.8987734310548,44.67943141557936,2017-04-07,1491537600,-1.0
2017-04-10,1491796800,44.67943141557936,45.460276237945195,2017-04-17,1492401600,1.0
2017-04-18,1492488000,45.460276237945195,46.22650675690805,2017-04-18,1492488000,1.0
2017-04-19,1492574400,44.715347898908256,45.460276237945195,2017-04-25,1493092800,-1.0
2017-04-26,1493179200,43.97200203895027,44.715347898908256,2017-05-01,1493611200,-1.0
2017-05-02,1493697600,43.199497480790654,43.97200203895027,2017-05-03,1493784000,-1.0
2017-05-04,1493870400,43.97200203895027,44.9788044385879,2017-05-04,1493870400,1.0
2017-05-05,1493956800,44.9788044385879,45.97283523825141,2017-05-15,1494820800,1.0
2017-05-16,1494907200,44.03373164467708,44.9788044385879,2017-05-19,1495166400,-1.0
2017-05-22,1495425600,44.9788044385879,45.92843985265722,2017-05-24,1495598400,1.0
2017-05-25,1495684800,45.92843985265722,46.90254736166243,2017-05-31,1496203200,1.0
2017-06-01,1496289600,46.90254736166243,47.85630888198463,2017-06-06,1496721600,1.0
2017-06-07,1496808000,47.85630888198463,48.85856093274271,2017-06-07,1496808000,1.0
2017-06-08,1496894400,46.83693197770927,47.85630888198463,2017-06-13,1497326400,-1.0
2017-06-14,1497412800,47.85630888198463,48.82382527523246,2017-06-20,1497931200,1.0
2017-06-21,1498017600,46.7885539283229,47.85630888198463,2017-06-28,1498622400,-1.0
2017-06-29,1498708800,45.793501017741285,46.7885539283229,2017-06-30,1498795200,-1.0
2017-07-03,1499054400,46.7885539283229,47.72395159101826,2017-07-03,1499054400,1.0
2017-07-05,1499227200,45.867256098677196,46.7885539283229,2017-07-05,1499227200,-1.0
2017-07-06,1499313600,46.7885539283229,47.70318762727962,2017-07-11,1499745600,1.0
2017-07-12,1499832000,45.88527188240706,46.7885539283229,2017-07-12,1499832000,-1.0
2017-07-13,1499918400,46.7885539283229,47.67360154238761,2017-07-14,1500004800,1.0
2017-07-17,1500264000,47.67360154238761,48.652545658596466,2017-07-21,1500609600,1.0
2017-07-24,1500868800,46.69082729330327,47.67360154238761,2017-07-24,1500868800,-1.0
2017-07-25,1500955200,47.67360154238761,48.64917763082306,2017-08-01,1501560000,1.0
2017-08-02,1501646400,46.71813297754576,47.67360154238761,2017-08-02,1501646400,-1.0
2017-08-03,1501732800,45.60719788162118,46.71813297754576,2017-08-03,1501732800,-1.0
2017-08-04,1501819200,44.40332957826264,45.60719788162118,2017-09-15,1505448000,-1.0
2017-09-18,1505707200,45.60719788162118,46.57092245666627,2017-09-19,1505793600,1.0
2017-09-20,1505880000,44.59558842660782,45.60719788162118,2017-09-20,1505880000,-1.0
2017-09-21,1505966400,43.50837964695255,44.59558842660782,2017-09-26,1506398400,-1.0
2017-09-27,1506484800,42.420360177051094,43.50837964695255,2017-09-27,1506484800,-1.0
2017-09-28,1506571200,43.50837964695255,44.573969154718185,2017-09-29,1506657600,1.0
2017-10-02,1506916800,42.46293767341994,43.50837964695255,2017-10-19,1508385600,-1.0
2017-10-20,1508472000,41.35839061816208,42.46293767341994,2017-10-23,1508731200,-1.0
2017-10-24,1508817600,40.27605157561832,41.35839061816208,2017-10-24,1508817600,-1.0
2017-10-25,1508904000,41.35839061816208,42.488134014809866,2017-10-26,1508990400,1.0
2017-10-27,1509076800,40.255703709828026,41.35839061816208,2017-10-31,1509422400,-1.0
2017-11-01,1509508800,41.35839061816208,42.52353680533771,2017-11-01,1509508800,1.0
2017-11-02,1509595200,40.02318344435614,41.35839061816208,2017-11-02,1509595200,-1.0
2017-11-03,1509681600,38.55191964010777,40.02318344435614,2017-11-07,1510030800,-1.0
2017-11-08,1510117200,40.02318344435614,41.44853496692672,2017-11-08,1510117200,1.0
2017-11-09,1510203600,38.605785601969174,40.02318344435614,2017-11-09,1510203600,-1.0
2017-11-10,1510290000,40.02318344435614,41.45633858371547,2017-11-13,1510549200,1.0
2017-11-14,1510635600,41.45633858371547,42.861508066122234,2017-11-14,1510635600,1.0
2017-11-15,1510722000,39.99339549290919,41.45633858371547,2017-11-28,1511845200,-1.0
2017-11-29,1511931600,41.45633858371547,42.7839605982405,2017-12-01,1512104400,1.0
2017-12-04,1512363600,42.7839605982405,44.28678113975343,2017-12-14,1513227600,1.0
2017-12-15,1513314000,44.28678113975343,45.71109994761512,2018-01-05,1515128400,1.0
2018-01-08,1515387600,45.71109994761512,46.88642808246478,2018-01-09,1515474000,1.0
2018-01-10,1515560400,44.51097517828046,45.71109994761512,2018-01-11,1515646800,-1.0
2018-01-12,1515733200,43.338877800639864,44.51097517828046,2018-01-12,1515733200,-1.0
2018-01-16,1516078800,44.51097517828046,45.70477988608959,2018-01-26,1516942800,1.0
2018-01-29,1517202000,43.39158232141415,44.51097517828046,2018-01-29,1517202000,-1.0
2018-01-30,1517288400,44.51097517828046,45.640411402513465,2018-01-30,1517288400,1.0
2018-01-31,1517374800,43.37349868434981,44.51097517828046,2018-02-01,1517461200,-1.0
2018-02-02,1517547600,42.05310313601165,43.37349868434981,2018-02-05,1517806800,-1.0
2018-02-06,1517893200,43.37349868434981,45.03795198878425,2018-02-06,1517893200,1.0
2018-02-07,1517979600,41.65307775880355,43.37349868434981,2018-02-08,1518066000,-1.0
2018-02-09,1518152400,43.37349868434981,45.13179019668307,2018-02-14,1518584400,1.0
2018-02-15,1518670800,45.13179019668307,46.82715967512305,2018-02-16,1518757200,1.0
2018-02-20,1519102800,43.44175222802819,45.13179019668307,2018-02-23,1519362000,-1.0
2018-02-26,1519621200,45.13179019668307,46.79663126349773,2018-02-26,1519621200,1.0
2018-02-27,1519707600,43.459866348926596,45.13179019668307,2018-03-01,1519880400,-1.0
2018-03-02,1519966800,45.13179019668307,46.77218184884086,2018-03-20,1521518400,1.0
2018-03-21,1521604800,43.69209850875698,45.13179019668307,2018-03-22,1521691200,-1.0
2018-03-23,1521777600,42.17990516559622,43.69209850875698,2018-03-26,1522036800,-1.0
2018-03-27,1522123200,43.69209850875698,45.23953052403335,2018-03-28,1522209600,1.0
2018-03-29,1522296000,45.23953052403335,46.91542853720532,2018-03-29,1522296000,1.0
2018-04-02,1522641600,43.46991094037366,45.23953052403335,2018-04-02,1522641600,-1.0
2018-04-03,1522728000,45.23953052403335,46.994605851717346,2018-04-05,1522900800,1.0
2018-04-06,1522987200,43.39831095591318,45.23953052403335,2018-04-09,1523246400,-1.0
2018-04-10,1523332800,45.23953052403335,46.948061682259414,2018-04-10,1523332800,1.0
2018-04-11,1523419200,43.58489444853772,45.23953052403335,2018-04-13,1523592000,-1.0
2018-04-16,1523851200,45.23953052403335,46.89219504949396,2018-04-18,1524024000,1.0
2018-04-19,1524110400,43.55220182052134,45.23953052403335,2018-04-19,1524110400,-1.0
2018-04-20,1524196800,41.64082516726019,43.55220182052134,2018-04-20,1524196800,-1.0
2018-04-23,1524456000,39.763118274946265,41.64082516726019,2018-04-24,1524542400,-1.0
2018-04-25,1524628800,41.64082516726019,43.48551121216352,2018-05-07,1525665600,1.0
2018-05-08,1525752000,43.48551121216352,45.123121236800564,2018-05-10,1525924800,1.0
2018-05-11,1526011200,41.97889414797709,43.48551121216352,2018-05-25,1527220800,-1.0
2018-05-29,1527566400,43.48551121216352,44.84650242336432,2018-05-30,1527652800,1.0
2018-05-31,1527739200,41.98331981066896,43.48551121216352,2018-06-07,1528344000,-1.0
2018-06-08,1528430400,43.48551121216352,44.9034680146088,2018-06-11,1528689600,1.0
2018-06-12,1528776000,44.9034680146088,46.411522604472324,2018-06-18,1529294400,1.0
2018-06-19,1529380800,46.411522604472324,47.85641858314602,2018-06-21,1529553600,1.0
2018-06-22,1529640000,45.040370102596924,46.411522604472324,2018-06-22,1529640000,-1.0
2018-06-25,1529899200,46.411522604472324,47.83516421335662,2018-06-26,1529985600,1.0
2018-06-27,1530072000,47.83516421335662,49.26895723326196,2018-07-03,1530590400,1.0
2018-07-05,1530763200,49.26895723326196,50.682496847968096,2018-07-06,1530849600,1.0
2018-07-09,1531108800,47.84258889201024,49.26895723326196,2018-07-09,1531108800,-1.0
2018-07-10,1531195200,49.26895723326196,50.75672783585284,2018-07-12,1531368000,1.0
2018-07-13,1531454400,50.75672783585284,52.19806384674649,2018-07-13,1531454400,1.0
2018-07-16,1531713600,49.28205868288017,50.75672783585284,2018-07-30,1532923200,-1.0
2018-07-31,1533009600,50.75672783585284,52.24944189316681,2018-07-31,1533009600,1.0
2018-08-01,1533096000,49.20863621120416,50.75672783585284,2018-08-01,1533096000,-1.0
2018-08-02,1533182400,50.75672783585284,52.47967005874091,2018-08-03,1533268800,1.0
2018-08-06,1533528000,52.47967005874091,54.178604934598475,2018-08-06,1533528000,1.0
2018-08-07,1533614400,50.75423053115888,52.47967005874091,2018-08-16,1534392000,-1.0
2018-08-17,1534478400,52.47967005874091,53.95872188215027,2018-08-20,1534737600,1.0
2018-08-21,1534824000,50.98414068039304,52.47967005874091,2018-09-04,1536033600,-1.0
2018-09-05,1536120000,52.47967005874091,53.89121092114582,2018-09-06,1536206400,1.0
2018-09-07,1536292800,53.89121092114582,55.36287625658679,2018-09-07,1536292800,1.0
2018-09-10,1536552000,52.428235966807776,53.89121092114582,2018-09-10,1536552000,-1.0
2018-09-11,1536638400,53.89121092114582,55.353830521602575,2018-10-03,1538539200,1.0
2018-10-04,1538625600,52.45180274712648,53.89121092114582,2018-10-04,1538625600,-1.0
2018-10-05,1538712000,53.89121092114582,55.36023279702093,2018-10-09,1539057600,1.0
2018-10-10,1539144000,52.11115732737847,53.89121092114582,2018-10-10,1539144000,-1.0
2018-10-11,1539230400,50.25767899030879,52.11115732737847,2018-10-12,1539316800,-1.0
2018-10-15,1539576000,52.11115732737847,54.03937079148447,2018-10-17,1539748800,1.0
2018-10-18,1539835200,54.03937079148447,56.05736604682007,2018-10-25,1540440000,1.0
2018-10-26,1540526400,51.7865151968753,54.03937079148447,2018-10-26,1540526400,-1.0
2018-10-29,1540785600,54.03937079148447,56.29330812933585,2018-10-31,1540958400,1.0
2018-11-01,1541044800,56.29330812933585,59.11874775443041,2018-11-01,1541044800,1.0
2018-11-02,1541131200,59.11874775443041,61.945513120589645,2018-11-05,1541394000,1.0
2018-11-06,1541480400,61.945513120589645,64.73828529855348,2018-11-06,1541480400,1.0
2018-11-07,1541566800,59.07579609819466,61.945513120589645,2018-12-10,1544418000,-1.0
2018-12-11,1544504400,61.945513120589645,64.24339319727856,2018-12-14,1544763600,1.0
2018-12-17,1545022800,59.366788035460736,61.945513120589645,2018-12-21,1545368400,-1.0
2018-12-24,1545627600,56.5538379160299,59.366788035460736,2018-12-24,1545627600,-1.0
2018-12-26,1545800400,59.366788035460736,62.266813146360796,2019-01-02,1546405200,1.0
2019-01-03,1546491600,56.59475962932524,59.366788035460736,2019-01-03,1546491600,-1.0
2019-01-04,1546578000,59.366788035460736,62.09381441258655,2019-01-14,1547442000,1.0
2019-01-15,1547528400,62.09381441258655,64.5534277438399,2019-01-18,1547787600,1.0
2019-01-22,1548133200,59.63698396813823,62.09381441258655,2019-01-23,1548219600,-1.0
2019-01-24,1548306000,57.0591352685884,59.63698396813823,2019-01-31,1548910800,-1.0
2019-02-01,1548997200,59.63698396813823,62.014857685406525,2019-02-04,1549256400,1.0
2019-02-05,1549342800,56.77401122212629,59.63698396813823,2019-02-12,1549947600,-1.0
2019-02-13,1550034000,59.63698396813823,62.242259952900795,2019-02-13,1550034000,1.0
2019-02-14,1550120400,57.13679912514442,59.63698396813823,2019-02-14,1550120400,-1.0
2019-02-15,1550206800,59.63698396813823,62.02672703663248,2019-03-14,1552536000,1.0
2019-03-15,1552622400,62.02672703663248,63.64672669282356,2019-03-15,1552622400,1.0
2019-03-18,1552881600,60.414441641597904,62.02672703663248,2019-03-21,1553140800,-1.0
2019-03-22,1553227200,62.02672703663248,63.637961812964804,2019-03-25,1553486400,1.0
2019-03-26,1553572800,63.637961812964804,65.37576118643503,2019-03-27,1553659200,1.0
2019-03-28,1553745600,65.37576118643503,67.33564942172312,2019-04-08,1554696000,1.0
2019-04-09,1554782400,67.33564942172312,69.22881133851739,2019-04-29,1556510400,1.0
2019-04-30,1556596800,69.22881133851739,70.8182090820365,2019-04-30,1556596800,1.0
2019-05-01,1556683200,67.5780848623925,69.22881133851739,2019-05-06,1557115200,-1.0
2019-05-07,1557201600,65.64212883145218,67.5780848623925,2019-05-07,1557201600,-1.0
2019-05-08,1557288000,67.5780848623925,69.52875831969422,2019-05-08,1557288000,1.0
2019-05-09,1557374400,65.65231665204091,67.5780848623925,2019-05-09,1557374400,-1.0
2019-05-10,1557460800,67.5780848623925,69.51029820057613,2019-05-13,1557720000,1.0
2019-05-14,1557806400,65.60484989222397,67.5780848623925,2019-05-14,1557806400,-1.0
2019-05-15,1557892800,67.5780848623925,69.5646601918347,2019-05-22,1558497600,1.0
2019-05-23,1558584000,69.5646601918347,71.48894406793671,2019-05-23,1558584000,1.0
2019-05-24,1558670400,67.68139659259712,69.5646601918347,2019-05-31,1559275200,-1.0
2019-06-03,1559534400,69.5646601918347,71.61542781386667,2019-06-05,1559707200,1.0
2019-06-06,1559793600,71.61542781386667,74.0138922692618,2019-06-10,1560139200,1.0
2019-06-11,1560225600,69.23105813146759,71.61542781386667,2019-06-13,1560398400,-1.0
2019-06-14,1560484800,71.61542781386667,73.83145849616653,2019-06-17,1560744000,1.0
2019-06-18,1560830400,69.36184013372038,71.61542781386667,2019-06-25,1561435200,-1.0
2019-06-26,1561521600,67.14760331476909,69.36184013372038,2019-07-02,1562040000,-1.0
2019-07-03,1562126400,69.36184013372038,71.45847198209249,2019-07-03,1562126400,1.0
2019-07-05,1562299200,67.26196770308913,69.36184013372038,2019-07-10,1562731200,-1.0
2019-07-11,1562817600,69.36184013372038,71.526531889532,2019-07-23,1563854400,1.0
2019-07-24,1563940800,67.36603921207146,69.36184013372038,2019-07-25,1564027200,-1.0
2019-07-26,1564113600,69.36184013372038,71.43830113248909,2019-07-31,1564545600,1.0
2019-08-01,1564632000,67.04289847957021,69.36184013372038,2019-08-05,1564977600,-1.0
2019-08-06,1565064000,69.36184013372038,71.65559844792152,2019-08-07,1565150400,1.0
2019-08-08,1565236800,71.65559844792152,74.06804311679903,2019-08-08,1565236800,1.0
2019-08-09,1565323200,69.23289982682097,71.65559844792152,2019-08-09,1565323200,-1.0
2019-08-12,1565582400,71.65559844792152,74.01710431037202,2019-08-15,1565841600,1.0
2019-08-16,1565928000,74.01710431037202,76.3374769399391,2019-08-19,1566187200,1.0
2019-08-20,1566273600,71.53946668589836,74.01710431037202,2019-08-26,1566792000,-1.0
2019-08-27,1566878400,74.01710431037202,76.28351761008288,2019-09-04,1567569600,1.0
2019-09-05,1567656000,71.47739696203554,74.01710431037202,2019-09-05,1567656000,-1.0
2019-09-06,1567742400,68.84009728143738,71.47739696203554,2019-09-06,1567742400,-1.0
2019-09-09,1568001600,66.02346186373909,68.84009728143738,2019-09-25,1569384000,-1.0
2019-09-26,1569470400,68.84009728143738,71.34579143771586,2019-10-11,1570766400,1.0
2019-10-14,1571025600,66.62500114814223,68.84009728143738,2019-10-17,1571284800,-1.0
2019-10-18,1571371200,68.84009728143738,70.97010521206636,2019-10-18,1571371200,1.0
2019-10-21,1571630400,66.7658042029962,68.84009728143738,2019-10-21,1571630400,-1.0
2019-10-22,1571716800,68.84009728143738,70.87294085427563,2019-10-28,1572235200,1.0
2019-10-29,1572321600,66.8974694130458,68.84009728143738,2019-10-29,1572321600,-1.0
2019-10-30,1572408000,68.84009728143738,70.87410887351527,2019-10-30,1572408000,1.0
2019-10-31,1572494400,66.26737223165077,68.84009728143738,2019-10-31,1572494400,-1.0
2019-11-01,1572580800,63.573698971134625,66.26737223165077,2019-11-01,1572580800,-1.0
2019-11-04,1572843600,60.81785951494106,63.573698971134625,2019-11-12,1573534800,-1.0
2019-11-13,1573621200,63.573698971134625,65.95539749105322,2019-11-14,1573707600,1.0
2019-11-15,1573794000,61.27093851263339,63.573698971134625,2019-11-15,1573794000,-1.0
2019-11-18,1574053200,63.573698971134625,65.84826225402863,2019-12-26,1577336400,1.0
2019-12-27,1577422800,65.84826225402863,67.51403437044445,2019-12-27,1577422800,1.0
2019-12-30,1577682000,64.20633100307107,65.84826225402863,2020-01-03,1578027600,-1.0
2020-01-06,1578286800,65.84826225402863,67.44092714518332,2020-01-06,1578286800,1.0
2020-01-07,1578373200,64.2202162836707,65.84826225402863,2020-01-10,1578632400,-1.0
2020-01-13,1578891600,65.84826225402863,67.50493824734893,2020-01-17,1579237200,1.0
2020-01-21,1579582800,67.50493824734893,69.04577655428183,2020-01-22,1579669200,1.0
2020-01-23,1579755600,65.89827664596292,67.50493824734893,2020-01-24,1579842000,-1.0
2020-01-27,1580101200,67.50493824734893,69.30096789344198,2020-01-27,1580101200,1.0
2020-01-28,1580187600,65.68805357597682,67.50493824734893,2020-01-28,1580187600,-1.0
2020-01-29,1580274000,67.50493824734893,69.35918829933732,2020-01-30,1580360400,1.0
2020-01-31,1580446800,69.35918829933732,71.62308757885792,2020-02-05,1580878800,1.0
2020-02-06,1580965200,67.15187396878787,69.35918829933732,2020-02-06,1580965200,-1.0
2020-02-07,1581051600,69.35918829933732,71.51426589199038,2020-02-13,1581570000,1.0
2020-02-14,1581656400,71.51426589199038,73.56506952405019,2020-02-14,1581656400,1.0
2020-02-18,1582002000,69.49551966222056,71.51426589199038,2020-02-19,1582088400,-1.0
2020-02-20,1582174800,71.51426589199038,73.5119705492919,2020-02-21,1582261200,1.0
2020-02-24,1582520400,69.50687769258242,71.51426589199038,2020-02-26,1582693200,-1.0
2020-02-27,1582779600,67.15972176178822,69.50687769258242,2020-02-27,1582779600,-1.0
2020-02-28,1582866000,64.51993411176504,67.15972176178822,2020-02-28,1582866000,-1.0
2020-03-02,1583125200,67.15972176178822,70.27695315109546,2020-03-03,1583211600,1.0
2020-03-04,1583298000,70.27695315109546,73.77807613473283,2020-03-05,1583384400,1.0
2020-03-06,1583470800,66.65870935397956,70.27695315109546,2020-03-06,1583470800,-1.0
2020-03-09,1583726400,62.75634011380052,66.65870935397956,2020-03-09,1583726400,-1.0
2020-03-10,1583812800,66.65870935397956,70.6680522198601,2020-03-10,1583812800,1.0
2020-03-11,1583899200,62.361033835661914,66.65870935397956,2020-03-11,1583899200,-1.0
2020-03-12,1583985600,57.289049425795525,62.361033835661914,2020-03-13,1584072000,-1.0
2020-03-16,1584331200,50.49264450096175,57.289049425795525,2020-03-16,1584331200,-1.0
2020-03-17,1584417600,57.289049425795525,64.97956828456974,2020-03-17,1584417600,1.0
2020-03-18,1584504000,64.97956828456974,72.84590722486008,2020-03-18,1584504000,1.0
2020-03-19,1584590400,57.050253554300134,64.97956828456974,2020-03-24,1585022400,-1.0
2020-03-25,1585108800,49.32717686721064,57.050253554300134,2020-03-25,1585108800,-1.0
2020-03-26,1585195200,57.050253554300134,64.66525333516896,2020-04-13,1586750400,1.0
2020-04-14,1586836800,64.66525333516896,70.32725399125131,2020-04-28,1588046400,1.0
2020-04-29,1588132800,60.42488627169333,64.66525333516896,2020-04-29,1588132800,-1.0
2020-04-30,1588219200,64.66525333516896,69.00002275125347,2020-05-08,1588910400,1.0
2020-05-11,1589169600,69.00002275125347,72.79101834713327,2020-05-11,1589169600,1.0
2020-05-12,1589256000,65.32295541222221,69.00002275125347,2020-05-14,1589428800,-1.0
2020-05-15,1589515200,69.00002275125347,72.56629568997492,2020-05-15,1589515200,1.0
2020-05-18,1589774400,65.50076930815499,69.00002275125347,2020-05-27,1590552000,-1.0
2020-05-28,1590638400,69.00002275125347,72.28559139607884,2020-06-11,1591848000,1.0
2020-06-12,1591934400,65.83108017724238,69.00002275125347,2020-06-12,1591934400,-1.0
2020-06-15,1592193600,69.00002275125347,72.19461228426375,2020-06-17,1592366400,1.0
2020-06-18,1592452800,72.19461228426375,75.37962438485545,2020-06-23,1592884800,1.0
2020-06-24,1592971200,69.27828266626607,72.19461228426375,2020-06-24,1592971200,-1.0
2020-06-25,1593057600,72.19461228426375,75.07234692954732,2020-06-25,1593057600,1.0
2020-06-26,1593144000,69.35014439935757,72.19461228426375,2020-06-29,1593403200,-1.0
2020-06-30,1593489600,72.19461228426375,74.88583204216755,2020-07-07,1594094400,1.0
2020-07-08,1594180800,74.88583204216755,77.47396795572175,2020-07-09,1594267200,1.0
2020-07-10,1594353600,77.47396795572175,80.1223300444496,2020-07-10,1594353600,1.0
2020-07-13,1594612800,74.64963173047445,77.47396795572175,2020-07-13,1594612800,-1.0
2020-07-14,1594699200,77.47396795572175,80.39099445059423,2020-07-22,1595390400,1.0
2020-07-23,1595476800,80.39099445059423,83.22479709074702,2020-07-28,1595908800,1.0
2020-07-29,1595995200,83.22479709074702,86.04655133911758,2020-07-30,1596081600,1.0
2020-07-31,1596168000,86.04655133911758,89.44406393082485,2020-08-03,1596427200,1.0
2020-08-04,1596513600,89.44406393082485,93.34031713489898,2020-08-06,1596686400,1.0
2020-08-07,1596772800,85.84047344636754,89.44406393082485,2020-08-14,1597377600,-1.0
2020-08-17,1597636800,89.44406393082485,92.85785281697838,2020-09-02,1599019200,1.0
2020-09-03,1599105600,86.05675726265483,89.44406393082485,2020-09-17,1600315200,-1.0
2020-09-18,1600401600,82.6523579362932,86.05675726265483,2020-09-21,1600660800,-1.0
2020-09-22,1600747200,86.05675726265483,89.57681586548705,2020-10-01,1601524800,1.0
2020-10-02,1601611200,82.8935142840224,86.05675726265483,2020-10-08,1602129600,-1.0
2020-10-09,1602216000,86.05675726265483,89.20200842895713,2020-10-12,1602475200,1.0
2020-10-13,1602561600,89.20200842895713,92.53682193459534,2020-10-13,1602561600,1.0
2020-10-14,1602648000,85.8739673165788,89.20200842895713,2020-10-14,1602648000,-1.0
2020-10-15,1602734400,89.20200842895713,92.55718946187987,2020-10-15,1602734400,1.0
2020-10-16,1602820800,85.78819746981459,89.20200842895713,2020-10-27,1603771200,-1.0
2020-10-28,1603857600,82.46816435008867,85.78819746981459,2020-10-28,1603857600,-1.0
2020-10-29,1603944000,78.69227645320032,82.46816435008867,2020-10-29,1603944000,-1.0
2020-10-30,1604030400,82.46816435008867,86.257203111485,2020-11-06,1604638800,1.0
2020-11-09,1604898000,78.10723097134439,82.46816435008867,2020-11-11,1605070800,-1.0
2020-11-12,1605157200,82.46816435008867,86.72572944961533,2020-11-17,1605589200,1.0
2020-11-18,1605675600,78.60745993506417,82.46816435008867,2020-11-27,1606453200,-1.0
2020-11-30,1606712400,82.46816435008867,86.07015775416089,2020-12-01,1606798800,1.0
2020-12-02,1606885200,78.80500677208764,82.46816435008867,2020-12-16,1608094800,-1.0
2020-12-17,1608181200,82.46816435008867,85.37899013360742,2020-12-18,1608267600,1.0
2020-12-21,1608526800,79.51814620001383,82.46816435008867,2020-12-24,1608786000,-1.0
2020-12-28,1609131600,82.46816435008867,85.0817231897463,2020-12-28,1609131600,1.0
2020-12-29,1609218000,79.84585971326374,82.46816435008867,2020-12-30,1609304400,-1.0
2020-12-31,1609390800,82.46816435008867,84.94982498082038,2020-12-31,1609390800,1.0
2021-01-04,1609736400,79.8976223358378,82.46816435008867,2021-01-11,1610341200,-1.0
2021-01-12,1610427600,77.26346882235912,79.8976223358378,2021-01-12,1610427600,-1.0
2021-01-13,1610514000,79.8976223358378,82.501764884068,2021-01-25,1611550800,1.0
2021-01-26,1611637200,82.501764884068,85.32710918763397,2021-01-27,1611723600,1.0
2021-01-28,1611810000,79.50918739782999,82.501764884068,2021-01-29,1611896400,-1.0
2021-02-01,1612155600,76.28397517755334,79.50918739782999,2021-02-23,1614056400,-1.0
2021-02-24,1614142800,73.15253121750337,76.28397517755334,2021-03-05,1614920400,-1.0
2021-03-08,1615179600,76.28397517755334,79.42079320523538,2021-03-19,1616126400,1.0
2021-03-22,1616385600,79.42079320523538,82.60796643875045,2021-03-25,1616644800,1.0
2021-03-26,1616731200,82.60796643875045,85.92654382115424,2021-03-31,1617163200,1.0
2021-04-01,1617249600,79.363059040301,82.60796643875045,2021-04-01,1617249600,-1.0
2021-04-05,1617595200,82.60796643875045,85.79466616588209,2021-04-08,1617854400,1.0
2021-04-09,1617940800,79.58252503655848,82.60796643875045,2021-04-09,1617940800,-1.0
2021-04-12,1618200000,82.60796643875045,85.570304883643,2021-04-12,1618200000,1.0
2021-04-13,1618286400,79.75565216849309,82.60796643875045,2021-04-14,1618372800,-1.0
2021-04-15,1618459200,82.60796643875045,85.2884108860642,2021-04-20,1618891200,1.0
2021-04-21,1618977600,85.2884108860642,87.94695867499922,2021-04-21,1618977600,1.0
2021-04-22,1619064000,82.68090222491024,85.2884108860642,2021-04-23,1619150400,-1.0
2021-04-26,1619409600,79.90508098136422,82.68090222491024,2021-04-30,1619755200,-1.0
2021-05-03,1620014400,82.68090222491024,85.58062079265719,2021-05-25,1621915200,1.0
2021-05-26,1622001600,80.13163647096272,82.68090222491024,2021-06-17,1623902400,-1.0
2021-06-18,1623988800,77.6428392452193,80.13163647096272,2021-06-24,1624507200,-1.0
2021-06-25,1624593600,80.13163647096272,82.42796740884937,2021-07-06,1625544000,1.0
2021-07-07,1625630400,82.42796740884937,84.66943662174648,2021-07-07,1625630400,1.0
2021-07-08,1625716800,80.12160313973062,82.42796740884937,2021-07-08,1625716800,-1.0
2021-07-09,1625803200,82.42796740884937,84.67630565874535,2021-07-09,1625803200,1.0
2021-07-12,1626062400,80.2437961768031,82.42796740884937,2021-07-15,1626321600,-1.0
2021-07-16,1626408000,82.42796740884937,84.58995690693541,2021-07-20,1626753600,1.0
2021-07-21,1626840000,80.00287523417917,82.42796740884937,2021-07-26,1627272000,-1.0
2021-07-27,1627358400,82.42796740884937,84.9572722714263,2021-07-27,1627358400,1.0
2021-07-28,1627444800,79.92761289359936,82.42796740884937,2021-07-28,1627444800,-1.0
2021-07-29,1627531200,82.42796740884937,84.8667251730101,2021-07-29,1627531200,1.0
2021-07-30,1627617600,79.79697805641442,82.42796740884937,2021-08-03,1627963200,-1.0
2021-08-04,1628049600,76.9869978788271,79.79697805641442,2021-08-06,1628222400,-1.0
2021-08-09,1628481600,79.79697805641442,82.43528798723051,2021-08-16,1629086400,1.0
2021-08-17,1629172800,82.43528798723051,84.7226741954713,2021-08-17,1629172800,1.0
2021-08-18,1629259200,80.06571507957835,82.43528798723051,2021-08-18,1629259200,-1.0
2021-08-19,1629345600,82.43528798723051,84.86574854433609,2021-08-19,1629345600,1.0
2021-08-20,1629432000,80.0460031842039,82.43528798723051,2021-08-23,1629691200,-1.0
2021-08-24,1629777600,77.62989536934933,80.0460031842039,2021-08-31,1630382400,-1.0
2021-09-01,1630468800,80.0460031842039,82.12724407231578,2021-09-08,1631073600,1.0
2021-09-09,1631160000,77.83720952481026,80.0460031842039,2021-09-20,1632110400,-1.0
2021-09-21,1632196800,80.0460031842039,82.03324120367421,2021-09-21,1632196800,1.0
2021-09-22,1632283200,78.00656788041003,80.0460031842039,2021-09-28,1632801600,-1.0
2021-09-29,1632888000,80.0460031842039,82.06993993721517,2021-09-29,1632888000,1.0
2021-09-30,1632974400,77.94677619926486,80.0460031842039,2021-10-04,1633320000,-1.0
2021-10-05,1633406400,75.81650299011359,77.94677619926486,2021-10-05,1633406400,-1.0
2021-10-06,1633492800,77.94677619926486,80.1858870363339,2021-10-21,1634788800,1.0
2021-10-22,1634875200,80.1858870363339,82.18290716045941,2021-10-22,1634875200,1.0
2021-10-25,1635134400,78.21836834964593,80.1858870363339,2021-10-25,1635134400,-1.0
2021-10-26,1635220800,80.1858870363339,82.16072581682987,2021-10-28,1635393600,1.0
2021-10-29,1635480000,82.16072581682987,84.47934782876487,2021-11-01,1635739200,1.0
2021-11-02,1635825600,84.47934782876487,86.90404742068843,2021-11-05,1636084800,1.0
2021-11-08,1636347600,82.08570452792854,84.47934782876487,2021-11-08,1636347600,-1.0
2021-11-09,1636434000,84.47934782876487,86.89615946525575,2021-11-12,1636693200,1.0
2021-11-15,1636952400,86.89615946525575,89.16800429943463,2021-11-19,1637298000,1.0
2021-11-22,1637557200,89.16800429943463,91.50750448168156,2021-11-29,1638162000,1.0
2021-11-30,1638248400,86.3986415912494,89.16800429943463,2021-12-03,1638507600,-1.0
2021-12-06,1638766800,89.16800429943463,92.08020448447415,2021-12-06,1638766800,1.0
2021-12-07,1638853200,86.20667555618364,89.16800429943463,2021-12-07,1638853200,-1.0
2021-12-08,1638939600,89.16800429943463,92.24566670388198,2021-12-10,1639112400,1.0
2021-12-13,1639371600,92.24566670388198,95.33061870919205,2021-12-15,1639544400,1.0
2021-12-16,1639630800,95.33061870919205,98.54546548603834,2021-12-16,1639630800,1.0
2021-12-17,1639717200,91.76426098783479,95.33061870919205,2021-12-23,1640235600,-1.0
2021-12-27,1640581200,95.33061870919205,98.52660948951406,2022-01-06,1641445200,1.0
2022-01-07,1641531600,98.52660948951406,101.66953146636256,2022-01-07,1641531600,1.0
2022-01-10,1641790800,95.35746765386902,98.52660948951406,2022-01-12,1641963600,-1.0
2022-01-13,1642050000,98.52660948951406,101.82262574786397,2022-01-18,1642482000,1.0
2022-01-19,1642568400,95.2314084255218,98.52660948951406,2022-01-20,1642654800,-1.0
2022-01-21,1642741200,98.52660948951406,101.9266144885686,2022-01-21,1642741200,1.0
2022-01-24,1643000400,95.11617627610627,98.52660948951406,2022-01-25,1643086800,-1.0
2022-01-26,1643173200,91.45169049515772,95.11617627610627,2022-01-27,1643259600,-1.0
2022-01-28,1643346000,95.11617627610627,99.415003301516,2022-02-09,1644382800,1.0
2022-02-10,1644469200,91.37280701624307,95.11617627610627,2022-02-23,1645592400,-1.0
2022-02-24,1645678800,87.62022644316359,91.37280701624307,2022-02-24,1645678800,-1.0
2022-02-25,1645765200,91.37280701624307,95.30734611981688,2022-03-03,1646283600,1.0
2022-03-04,1646370000,95.30734611981688,99.28058832058001,2022-03-07,1646629200,1.0
2022-03-08,1646715600,90.67543830385276,95.30734611981688,2022-03-28,1648440000,-1.0
2022-03-29,1648526400,95.30734611981688,98.97270929662874,2022-03-29,1648526400,1.0
2022-03-30,1648612800,91.61708031277732,95.30734611981688,2022-03-30,1648612800,-1.0
2022-03-31,1648699200,95.30734611981688,98.99887865492506,2022-04-06,1649217600,1.0
2022-04-07,1649304000,98.99887865492506,102.73048448426314,2022-04-12,1649736000,1.0
2022-04-13,1649822400,95.42628541013839,98.99887865492506,2022-04-22,1650600000,-1.0
2022-04-25,1650859200,98.99887865492506,102.46189372512501,2022-04-25,1650859200,1.0
2022-04-26,1650945600,95.54150751831084,98.99887865492506,2022-04-26,1650945600,-1.0
2022-04-27,1651032000,98.99887865492506,102.54100899606685,2022-04-27,1651032000,1.0
2022-04-28,1651118400,94.91390048100769,98.99887865492506,2022-04-28,1651118400,-1.0
2022-04-29,1651204800,90.75042074808441,94.91390048100769,2022-05-17,1652760000,-1.0
2022-05-18,1652846400,86.13970399762884,90.75042074808441,2022-05-18,1652846400,-1.0
2022-05-19,1652932800,81.50218130077725,86.13970399762884,2022-05-23,1653278400,-1.0
2022-05-24,1653364800,86.13970399762884,90.46351134638357,2022-05-31,1653969600,1.0
2022-06-01,1654056000,82.17619988858725,86.13970399762884,2022-06-10,1654833600,-1.0
2022-06-13,1655092800,78.68327345510042,82.17619988858725,2022-06-14,1655179200,-1.0
2022-06-15,1655265600,74.91689300990005,78.68327345510042,2022-06-15,1655265600,-1.0
2022-06-16,1655352000,78.68327345510042,82.54705529707219,2022-06-17,1655438400,1.0
2022-06-21,1655784000,82.54705529707219,86.63182637509888,2022-06-22,1655870400,1.0
2022-06-23,1655956800,86.63182637509888,90.85286878421373,2022-07-01,1656648000,1.0
2022-07-05,1656993600,90.85286878421373,94.55714396024871,2022-07-15,1657857600,1.0
2022-07-18,1658116800,87.56769828335541,90.85286878421373,2022-07-26,1658808000,-1.0
2022-07-27,1658894400,90.85286878421373,93.84545831956402,2022-07-28,1658980800,1.0
2022-07-29,1659067200,86.95108495016169,90.85286878421373,2022-07-29,1659067200,-1.0
2022-08-01,1659326400,83.0335713899705,86.95108495016169,2022-08-25,1661400000,-1.0
2022-08-26,1661486400,80.50170451962262,83.0335713899705,2022-09-02,1662091200,-1.0
2022-09-06,1662436800,77.63139055517688,80.50170451962262,2022-09-12,1662955200,-1.0
2022-09-13,1663041600,74.47563270725459,77.63139055517688,2022-09-14,1663128000,-1.0
2022-09-15,1663214400,71.33940272613793,74.47563270725459,2022-09-26,1664164800,-1.0
2022-09-27,1664251200,68.37784290529311,71.33940272613793,2022-09-27,1664251200,-1.0
2022-09-28,1664337600,71.33940272613793,74.2912797026367,2022-09-28,1664337600,1.0
2022-09-29,1664424000,68.4119455336748,71.33940272613793,2022-10-06,1665028800,-1.0
2022-10-07,1665115200,65.60805166429216,68.4119455336748,2022-10-07,1665115200,-1.0
2022-10-10,1665374400,68.4119455336748,71.15698984095867,2022-10-14,1665720000,1.0
2022-10-17,1665979200,71.15698984095867,73.93559724781362,2022-10-18,1666065600,1.0
2022-10-19,1666152000,68.28258855647661,71.15698984095867,2022-10-21,1666324800,-1.0
2022-10-24,1666584000,71.15698984095867,74.07138037376009,2022-10-31,1667188800,1.0
2022-11-01,1667275200,67.79639248871271,71.15698984095867,2022-11-09,1667970000,-1.0
2022-11-10,1668056400,71.15698984095867,74.50557183597101,2022-11-18,1668747600,1.0
2022-11-21,1669006800,74.50557183597101,77.62673732440716,2022-11-29,1669698000,1.0
2022-11-30,1669784400,77.62673732440716,80.46514858508418,2022-12-08,1670475600,1.0
2022-12-09,1670562000,74.86037869510305,77.62673732440716,2022-12-09,1670562000,-1.0
2022-12-12,1670821200,77.62673732440716,80.42049890876098,2022-12-15,1671080400,1.0
2022-12-16,1671166800,74.85939588826781,77.62673732440716,2022-12-20,1671512400,-1.0
2022-12-21,1671598800,77.62673732440716,80.34632738825488,2023-01-05,1672894800,1.0
2023-01-06,1672981200,80.34632738825488,82.90762562991057,2023-01-06,1672981200,1.0
2023-01-09,1673240400,77.77769330671745,80.34632738825488,2023-01-13,1673586000,-1.0
2023-01-17,1673931600,80.34632738825488,83.11327978538903,2023-01-17,1673931600,1.0
2023-01-18,1674018000,77.44401444805888,80.34632738825488,2023-01-19,1674104400,-1.0
2023-01-20,1674190800,80.34632738825488,83.48718905607694,2023-01-23,1674450000,1.0
2023-01-24,1674536400,77.30081911344912,80.34632738825488,2023-01-26,1674709200,-1.0
2023-01-27,1674795600,74.14448103773913,77.30081911344912,2023-01-27,1674795600,-1.0
2023-01-30,1675054800,77.30081911344912,80.42327589803698,2023-02-01,1675227600,1.0
2023-02-02,1675314000,74.2587587797248,77.30081911344912,2023-02-02,1675314000,-1.0
2023-02-03,1675400400,77.30081911344912,80.7478751376217,2023-02-10,1676005200,1.0
2023-02-13,1676264400,80.7478751376217,84.01059061477467,2023-02-13,1676264400,1.0
2023-02-14,1676350800,77.52149648026538,80.7478751376217,2023-02-14,1676350800,-1.0
2023-02-15,1676437200,80.7478751376217,83.92636960516685,2023-02-15,1676437200,1.0
2023-02-16,1676523600,77.60355884632978,80.7478751376217,2023-02-16,1676523600,-1.0
2023-02-17,1676610000,80.7478751376217,83.86302597953564,2023-03-27,1679889600,1.0
2023-03-28,1679976000,83.86302597953564,86.20371242848752,2023-03-31,1680235200,1.0
2023-04-03,1680494400,86.20371242848752,88.44466941694324,2023-04-13,1681358400,1.0
2023-04-14,1681444800,84.10468824689136,86.20371242848752,2023-04-14,1681444800,-1.0
2023-04-17,1681704000,86.20371242848752,88.34566345425539,2023-04-20,1681963200,1.0
2023-04-21,1682049600,88.34566345425539,90.45199439050477,2023-04-26,1682481600,1.0
2023-04-27,1682568000,90.45199439050477,93.26229035755543,2023-04-27,1682568000,1.0
2023-04-28,1682654400,93.26229035755543,96.01970804124534,2023-05-08,1683518400,1.0
2023-05-09,1683604800,90.78557409770018,93.26229035755543,2023-05-09,1683604800,-1.0
2023-05-10,1683691200,93.26229035755543,95.6598125988496,2023-05-15,1684123200,1.0
2023-05-16,1684209600,90.99763545507723,93.26229035755543,2023-05-26,1685073600,-1.0
2023-05-30,1685419200,88.78775487726732,90.99763545507723,2023-06-01,1685592000,-1.0
2023-06-02,1685678400,90.99763545507723,93.24565572819982,2023-06-05,1685937600,1.0
2023-06-06,1686024000,88.56906695427256,90.99763545507723,2023-06-07,1686110400,-1.0
2023-06-08,1686196800,90.99763545507723,93.3969215603629,2023-06-15,1686801600,1.0
2023-06-16,1686888000,93.3969215603629,95.59338929789251,2023-06-16,1686888000,1.0
2023-06-20,1687233600,91.07834437551396,93.3969215603629,2023-06-20,1687233600,-1.0
2023-06-21,1687320000,93.3969215603629,95.82117180343691,2023-06-26,1687752000,1.0
2023-06-27,1687838400,95.82117180343691,98.29401117225295,2023-07-07,1688702400,1.0
2023-07-10,1688961600,93.41567345094643,95.82117180343691,2023-07-13,1689220800,-1.0
2023-07-14,1689307200,95.82117180343691,98.14646372465413,2023-07-17,1689566400,1.0
2023-07-18,1689652800,93.52526193259145,95.82117180343691,2023-07-26,1690344000,-1.0
2023-07-27,1690430400,91.12109709478078,93.52526193259145,2023-07-27,1690430400,-1.0
2023-07-28,1690516800,93.52526193259145,96.06498642484421,2023-07-28,1690516800,1.0
2023-07-31,1690776000,90.81594633264245,93.52526193259145,2023-07-31,1690776000,-1.0
2023-08-01,1690862400,93.52526193259145,96.16576927540123,2023-08-02,1690948800,1.0
2023-08-03,1691035200,90.79262039720955,93.52526193259145,2023-08-08,1691467200,-1.0
2023-08-09,1691553600,93.52526193259145,96.04838721612025,2023-08-09,1691553600,1.0
2023-08-10,1691640000,90.94835988360042,93.52526193259145,2023-08-10,1691640000,-1.0
2023-08-11,1691726400,93.52526193259145,96.03895669236883,2023-08-11,1691726400,1.0
2023-08-14,1691985600,91.00597394136959,93.52526193259145,2023-08-16,1692158400,-1.0
2023-08-17,1692244800,88.51061835947658,91.00597394136959,2023-08-24,1692849600,-1.0
2023-08-25,1692936000,91.00597394136959,93.41377399105146,2023-08-29,1693281600,1.0
2023-08-30,1693368000,93.41377399105146,95.80847833112108,2023-09-01,1693540800,1.0
2023-09-05,1693886400,91.02251617941408,93.41377399105146,2023-09-06,1693972800,-1.0
2023-09-07,1694059200,93.41377399105146,96.07990955312654,2023-09-11,1694404800,1.0
2023-09-12,1694491200,90.7864715749148,93.41377399105146,2023-09-12,1694491200,-1.0
2023-09-13,1694577600,93.41377399105146,95.96655480603549,2023-09-14,1694664000,1.0
2023-09-15,1694750400,90.91877420670298,93.41377399105146,2023-09-26,1695700800,-1.0
2023-09-27,1695787200,88.62399221890551,90.91877420670298,2023-10-04,1696392000,-1.0
2023-10-05,1696478400,86.31175972546386,88.62399221890551,2023-10-05,1696478400,-1.0
2023-10-06,1696564800,83.59897241012519,86.31175972546386,2023-10-13,1697169600,-1.0
2023-10-16,1697428800,86.31175972546386,89.1896721706348,2023-10-23,1698033600,1.0
2023-10-24,1698120000,89.1896721706348,91.93068479950901,2023-10-26,1698292800,1.0
2023-10-27,1698379200,86.32026082018412,89.1896721706348,2023-11-01,1698811200,-1.0
2023-11-02,1698897600,89.1896721706348,91.93710338627989,2023-11-02,1698897600,1.0
2023-11-03,1698984000,85.41834318467863,89.1896721706348,2023-11-03,1698984000,-1.0
2023-11-06,1699246800,81.73253769771934,85.41834318467863,2023-11-06,1699246800,-1.0
2023-11-07,1699333200,85.41834318467863,89.15459113685512,2023-11-13,1699851600,1.0
2023-11-14,1699938000,89.15459113685512,92.48334185253063,2023-11-22,1700629200,1.0
2023-11-24,1700802000,92.48334185253063,95.46646441372854,2023-12-04,1701666000,1.0
2023-12-05,1701752400,89.5355499471367,92.48334185253063,2023-12-11,1702270800,-1.0
2023-12-12,1702357200,92.48334185253063,95.19979220790604,2023-12-13,1702443600,1.0
2023-12-14,1702530000,89.2556065971304,92.48334185253063,2023-12-28,1703739600,-1.0
2023-12-29,1703826000,92.48334185253063,95.15801951016026,2024-01-02,1704171600,1.0
2024-01-03,1704258000,89.82372693345202,92.48334185253063,2024-01-03,1704258000,-1.0
2024-01-04,1704344400,92.48334185253063,95.09955570596077,2024-01-04,1704344400,1.0
2024-01-05,1704430800,89.89842898863122,92.48334185253063,2024-01-05,1704430800,-1.0
2024-01-08,1704690000,92.48334185253063,95.0031895118658,2024-01-10,1704862800,1.0
2024-01-11,1704949200,95.0031895118658,97.55628619829413,2024-01-18,1705554000,1.0
2024-01-19,1705640400,92.57664154823078,95.0031895118658,2024-01-19,1705640400,-1.0
2024-01-22,1705899600,95.0031895118658,97.44669833524117,2024-01-22,1705899600,1.0
2024-01-23,1705986000,97.44669833524117,100.00495652837544,2024-01-23,1705986000,1.0
2024-01-24,1706072400,94.7638871559022,97.44669833524117,2024-01-26,1706245200,-1.0
2024-01-29,1706504400,97.44669833524117,99.9340635542673,2024-02-01,1706763600,1.0
2024-02-02,1706850000,94.38206588989013,97.44669833524117,2024-02-02,1706850000,-1.0
2024-02-05,1707109200,97.44669833524117,100.50328560592428,2024-02-08,1707368400,1.0
2024-02-09,1707454800,94.45457320409841,97.44669833524117,2024-02-21,1708491600,-1.0
2024-02-22,1708578000,97.44669833524117,100.4256743965688,2024-03-05,1709614800,1.0
2024-03-06,1709701200,100.4256743965688,103.11177186958697,2024-03-12,1710216000,1.0
2024-03-13,1710302400,103.11177186958697,105.92925271285418,2024-03-13,1710302400,1.0
2024-03-14,1710388800,100.305253943696,103.11177186958697,2024-03-28,1711598400,-1.0
2024-04-01,1711944000,103.11177186958697,105.7477988230234,2024-04-01,1711944000,1.0
2024-04-02,1712030400,100.4904611271103,103.11177186958697,2024-04-03,1712116800,-1.0
2024-04-04,1712203200,97.75398400732173,100.4904611271103,2024-04-09,1712635200,-1.0
2024-04-10,1712721600,100.4904611271103,103.04467502283815,2024-04-10,1712721600,1.0
2024-04-11,1712808000,97.91426250964872,100.4904611271103,2024-04-15,1713153600,-1.0
2024-04-16,1713240000,100.4904611271103,103.1396055741085,2024-04-19,1713499200,1.0
2024-04-22,1713758400,103.1396055741085,105.96648194204676,2024-04-29,1714363200,1.0
2024-04-30,1714449600,105.96648194204676,108.75839437551565,2024-04-30,1714449600,1.0
2024-05-01,1714536000,103.04227753953992,105.96648194204676,2024-05-24,1716523200,-1.0
2024-05-28,1716868800,100.52254413280228,103.04227753953992,2024-05-30,1717041600,-1.0
2024-05-31,1717128000,103.04227753953992,105.73056481891405,2024-05-31,1717128000,1.0
2024-06-03,1717387200,105.73056481891405,108.46726014976144,2024-06-11,1718078400,1.0
2024-06-12,1718164800,103.03967823216801,105.73056481891405,2024-06-13,1718251200,-1.0
2024-06-14,1718337600,105.73056481891405,108.37678845748587,2024-06-24,1719201600,1.0
2024-06-25,1719288000,102.74021568602309,105.73056481891405,2024-06-26,1719374400,-1.0
2024-06-27,1719460800,99.81126158674466,102.74021568602309,2024-06-28,1719547200,-1.0
2024-07-01,1719806400,102.74021568602309,105.64369141448255,2024-07-10,1720584000,1.0
2024-07-11,1720670400,99.89675397064053,102.74021568602309,2024-07-12,1720756800,-1.0
2024-07-15,1721016000,96.87845279768312,99.89675397064053,2024-07-15,1721016000,-1.0
2024-07-16,1721102400,99.89675397064053,102.98874791695812,2024-07-19,1721361600,1.0
2024-07-22,1721620800,96.52201471874609,99.89675397064053,2024-07-25,1721880000,-1.0
2024-07-26,1721966400,99.89675397064053,103.25244518714815,2024-07-29,1722225600,1.0
2024-07-30,1722312000,96.33016307477426,99.89675397064053,2024-08-06,1722916800,-1.0
2024-08-07,1723003200,99.89675397064053,103.7354853994411,2024-08-09,1723176000,1.0
2024-08-12,1723435200,96.22210712331004,99.89675397064053,2024-08-19,1724040000,-1.0
2024-08-20,1724126400,99.89675397064053,103.11425551051184,2024-08-28,1724817600,1.0
2024-08-29,1724904000,97.10639213557488,99.89675397064053,2024-08-29,1724904000,-1.0
2024-08-30,1724990400,99.89675397064053,102.64080424605865,2024-08-30,1724990400,1.0
2024-09-03,1725336000,102.64080424605865,105.68899378751833,2024-09-10,1725940800,1.0
2024-09-11,1726027200,99.37565976591759,102.64080424605865,2024-09-12,1726113600,-1.0
2024-09-13,1726200000,102.64080424605865,105.8068829049558,2024-09-16,1726459200,1.0
2024-09-17,1726545600,99.56124662690755,102.64080424605865,2024-09-26,1727323200,-1.0
2024-09-27,1727409600,102.64080424605865,105.68788346001183,2024-10-01,1727755200,1.0
2024-10-02,1727841600,99.63898972963915,102.64080424605865,2024-10-04,1728014400,-1.0
2024-10-07,1728273600,96.61149246558169,99.63898972963915,2024-10-10,1728532800,-1.0
2024-10-11,1728619200,99.63898972963915,102.49052745763646,2024-10-14,1728878400,1.0
2024-10-15,1728964800,102.49052745763646,105.42937376391987,2024-10-21,1729483200,1.0
2024-10-22,1729569600,99.56730064812464,102.49052745763646,2024-10-28,1730088000,-1.0
2024-10-29,1730174400,96.79751322364365,99.56730064812464,2024-10-31,1730347200,-1.0
2024-11-01,1730433600,99.56730064812464,102.84873831998497,2024-11-04,1730696400,1.0
2024-11-05,1730782800,102.84873831998497,106.21198814929312,2024-11-05,1730782800,1.0
2024-11-06,1730869200,99.2770063356274,102.84873831998497,2024-11-07,1730955600,-1.0
2024-11-08,1731042000,102.84873831998497,106.57111946976266,2024-11-11,1731301200,1.0
2024-11-12,1731387600,106.57111946976266,110.15707056319343,2024-11-12,1731387600,1.0
2024-11-13,1731474000,103.07673631157695,106.57111946976266,2024-11-13,1731474000,-1.0
2024-11-14,1731560400,106.57111946976266,110.05376097379225,2024-11-19,1731992400,1.0
2024-11-20,1732078800,110.05376097379225,113.49163290206664,2024-11-22,1732251600,1.0
2024-11-25,1732510800,106.52970753850842,110.05376097379225,2024-11-29,1732856400,-1.0
2024-12-02,1733115600,110.05376097379225,113.60334490145628,2024-12-02,1733115600,1.0
2024-12-03,1733202000,106.53143304096136,110.05376097379225,2024-12-05,1733374800,-1.0
2024-12-06,1733461200,102.9648833075687,106.53143304096136,2024-12-31,1735621200,-1.0
2025-01-02,1735794000,99.84231159333395,102.9648833075687,2025-01-02,1735794000,-1.0
2025-01-03,1735880400,102.9648833075687,106.12155704221526,2025-01-03,1735880400,1.0
2025-01-06,1736139600,99.63640055396833,102.9648833075687,2025-01-13,1736744400,-1.0
2025-01-14,1736830800,102.9648833075687,106.2481948426295,2025-01-14,1736830800,1.0
2025-01-15,1736917200,99.49695116786938,102.9648833075687,2025-01-15,1736917200,-1.0
2025-01-16,1737003600,102.9648833075687,106.57853458014664,2025-01-24,1737694800,1.0
2025-01-27,1737954000,106.57853458014664,110.08813107896684,2025-01-27,1737954000,1.0
